data/rastert_h202205110324.txt
ncols         556
nrows         384
xllcorner     114.18562400068
yllcorner     22.67010711186
cellsize      0.00027777778
NODATA_value  -9999
[rows 208 to 233 of 384, columns 342 to 398 of 556]
0.006051058 0.006047336 0.01515605 0.0108734 0.01601725 0.006032292 0.008032946 0.008026883 0.008576821 0.008570348 0.005506939 0.00550255 0.01206011 0.009257736 0.009123517 0.00683514 0.01351174 0.02675451 0.01155916 0.01079922 0.01091701 0.01169468 0.01414795 0.01433404 0.01109134 0.01232678 0.02759527 0.0174937 0.008420351 0.005424116 0.005419661 0.007850149 0.005903592 0.01063671 0.010507 0.01052734 0.01121283 0.01858124 0.005870334 0.005860662 0.005857409 0.006668281 0.0186269 0.02710396 0.008815053 0.004597141 0.007418497 0.007287184 0.005416024 0.009399438 0.02333973 0.01528577 0.02253629 0.007676782 0.005068466 0.00969122 0.005424198
0.00691384 0.006051008 0.01516363 0.01086295 0.01431419 0.006890942 0.006886791 0.02520045 0.03563234 0.01615551 0.005510768 0.006011149 0.006006904 0.007301753 0.006842914 0.01165116 0.005994681 0.02721968 0.01176734 0.01260201 0.01070457 0.01413161 0.01213148 0.01601334 0.01114718 0.01122284 0.01774073 0.0122909 0.009424704 0.005924762 0.009643679 0.01291721 0.007990214 0.006727905 0.01022735 0.01033852 0.01375899 0.006703665 0.005874636 0.005868453 0.009298896 0.01715721 0.01101977 0.01066735 0.01121716 0.0184473 0.03259795 0.008415362 0.00542041 0.005916605 0.006747073 0.04181809 0.01264378 0.005069409 0.005413811 0.005418011 0.005430412
0.006918547 0.006916954 0.01196621 0.01091798 0.01115321 0.01214236 0.01529752 0.01255078 0.02239254 0.007350894 0.007340947 0.006862866 0.006012633 0.01487911 0.006851191 0.005998978 0.005492533 0.0153106 0.0213687 0.02657761 0.005982446 0.006814704 0.02046763 0.00973196 0.01822703 0.01222128 0.01951015 0.006142994 0.006772092 0.01113123 0.01770496 0.02836125 0.005922171 0.006737238 0.006906119 0.009314402 0.006716734 0.005399101 0.005885391 0.01176317 0.01057691 0.01051964 0.01081056 0.01345394 0.01092559 0.01121347 0.01825131 0.01228092 0.005425627 0.005423054 0.005927792 0.01406493 0.007705044 0.01367406 0.005424778 0.00543091 0.005941667
0.006063905 0.01802159 0.01103765 0.0116789 0.01089909 0.01441107 0.01450051 0.01792421 0.008720161 0.005167362 0.006873801 0.006876905 0.006871997 0.01535539 0.006859825 0.0060073 0.00487311 0.005139806 0.01004022 0.007622727 0.005131142 0.005923643 0.005935774 0.005468189 0.00596622 0.0365306 0.005964132 0.005453525 0.01076655 0.01089514 0.01398119 0.00676276 0.006756638 0.008983799 0.01214362 0.005908762 0.005903061 0.0058976 0.02111685 0.03081217 0.007164638 0.01503476 0.01460556 0.006772178 0.01318976 0.01081982 0.01114068 0.01711832 0.008421591 0.007708906 0.005429456 0.01072471 0.007227076 0.005431271 0.01491971 0.006780703 0.02181655
0.006928352 0.01186144 0.01121588 0.01917221 0.006915752 0.006907792 0.03320707 0.01467542 0.007968461 0.005169011 0.006034706 0.006887673 0.01829319 0.01116653 0.01898518 0.006013329 0.005148909 0.005143698 0.00514035 0.005992076 0.00599063 0.01523812 0.01527448 0.00547581 0.004854562 0.009980324 0.007593372 0.006797113 0.01450496 0.01065548 0.01060791 0.00677267 0.0144501 0.01590302 0.01754441 0.01536397 0.0152699 0.01585567 0.01629428 0.009603482 0.00589565 0.009050229 0.007038822 0.006787928 0.02150599 0.02677715 0.02105094 0.04582857 0.03084985 0.01251808 0.006692878 0.005440639 0.006689422 0.006773547 0.006785555 0.009724773 0.006812393
0.0135656 0.01099111 0.01455968 0.006922614 0.005548766 0.0060622 0.006058746 0.005543196 0.004687172 0.005173478 0.005531046 0.02328468 0.01150467 0.01086295 0.01160621 0.01996982 0.006016166 0.006008135 0.006850391 0.006000984 0.01205459 0.01972198 0.01599385 0.005482638 0.00485629 0.005473388 0.005968425 0.008495508 0.01773454 0.01063839 0.0109317 0.01382393 0.01127117 0.0140627 0.01086295 0.01061055 0.0106335 0.01160677 0.02131525 0.008245937 0.005406925 0.006795239 0.01251919 0.008670662 0.006798066 0.02430159 0.005953913 0.009743077 0.00805548 0.01381857 0.004443038 0.00594952 0.01612943 0.01388576 0.006803885 0.005469752 0.005996695
0.01118882 0.01094463 0.01507339 0.006929399 0.006065928 0.006922015 0.006928582 0.007878957 0.005538663 0.005536002 0.005178394 0.02313358 0.01115552 0.01087492 0.01097094 0.01645656 0.009588841 0.006021242 0.008009494 0.006008394 0.005503504 0.02559648 0.01889983 0.006841026 0.005491489 0.005482176 0.005476362 0.007777155 0.01843234 0.01065352 0.01070508 0.01148016 0.01526988 0.006783793 0.01725947 0.01119961 0.01121982 0.01762287 0.009268066 0.005424798 0.005969223 0.006821166 0.02918929 0.02859852 0.009915844 0.01449702 0.01457763 0.007154536 0.004451426 0.006963963 0.01226519 0.006830138 0.04552055 0.01287882 0.005479485 0.005485562 0.01003387
0.01097763 0.01097107 0.01127852 0.02043111 0.007455531 0.01654378 0.03078738 0.01135083 0.009504986 0.006908923 0.005538793 0.009893426 0.01496639 0.01145496 0.01143051 0.0119626 0.01365995 0.02514553 0.006025095 0.005510662 0.004883647 0.00550712 0.02063359 0.03790559 0.01477855 0.005993631 0.005484285 0.005130082 0.01867538 0.01075997 0.01075314 0.01529072 0.005962948 0.005459145 0.009997445 0.02604517 0.01787894 0.009679584 0.005437236 0.007921143 0.006827023 0.01404347 0.01189306 0.01156827 0.005124217 0.01374393 0.008776329 0.006125572 0.004309799 0.005124853 0.01898346 0.01675507 0.01792432 0.007005696 0.004476554 0.004877826 0.005519223
0.01097307 0.01135862 0.0109859 0.02669653 0.007538777 0.01737715 0.03194585 0.01019127 0.007883818 0.00554716 0.005544531 0.008635812 0.03981194 0.01788597 0.01766476 0.01767017 0.01257699 0.02027261 0.01253855 0.005518007 0.005159188 0.004886348 0.006016591 0.0117283 0.008369518 0.00549853 0.005995656 0.007133896 0.03048068 0.01197377 0.01198491 0.01824349 0.005121282 0.004848342 0.007596733 0.009746009 0.04340273 0.01073528 0.005449097 0.006838244 0.009984686 0.006840906 0.008106283 0.006902072 0.004650437 0.01067529 0.004651109 0.006593258 0.004472503 0.006145259 0.007712539 0.01022009 0.004081279 0.003981319 0.00515744 0.01235043 0.02038418
0.01104638 0.01560695 0.006088375 0.008678344 0.005571814 0.00608003 0.01020902 0.01039094 0.007374426 0.005553321 0.005192295 0.008009062 0.02167654 0.008757359 0.008622994 0.01166296 0.02580109 0.01692438 0.03030588 0.01271069 0.005522803 0.005521302 0.006022631 0.006870417 0.006018248 0.006010283 0.006858191 0.004661235 0.007647052 0.02260828 0.02383609 0.03009433 0.004863665 0.005979143 0.005475043 0.009612656 0.01881838 0.005472668 0.005461385 0.006874025 0.03634473 0.01204415 0.007483513 0.004480951 0.005501417 0.006849534 0.008070598 0.004663073 0.004331904 0.004486312 0.006038491 0.00547215 0.003812116 0.007238498 0.01203073 0.01359325 0.008098818
0.01205454 0.01787215 0.006095479 0.006093156 0.00557307 0.006094729 0.03692866 0.01197535 0.007384172 0.005559927 0.005199544 0.01271563 0.01016825 0.005191291 0.005546916 0.007884311 0.01383804 0.00518263 0.008849965 0.008439444 0.01965368 0.006038856 0.006888712 0.01955945 0.006028584 0.007442787 0.01410773 0.006013495 0.004882688 0.007585914 0.01329822 0.007126581 0.004324098 0.005992278 0.008327974 0.01212619 0.007641455 0.008342947 0.006020651 0.006031008 0.01181525 0.008808151 0.004888554 0.004888815 0.006881823 0.02012188 0.01022143 0.004676325 0.006098034 0.004897698 0.005172567 0.005176488 0.004356042 0.004361177 0.009127461 0.007398219 0.004935931
0.02152416 0.03160209 0.01706646 0.008493432 0.006093574 0.005584241 0.007166162 0.0145554 0.005210447 0.004934698 0.006079155 0.008462874 0.005200779 0.005198485 0.005554307 0.01205001 0.005192001 0.004915554 0.005545896 0.01590911 0.01079044 0.01121586 0.0154487 0.01821276 0.01189392 0.006033289 0.01054272 0.01111631 0.007900209 0.005514643 0.005156305 0.004485937 0.004662566 0.005502545 0.01223596 0.006003159 0.01962095 0.006845054 0.005531648 0.006914658 0.04605861 0.0103389 0.007338357 0.0055299 0.006893599 0.02061494 0.0158063 0.01214998 0.004224422 0.004226443 0.004698096 0.004702349 0.004706895 0.004376031 0.005213859 0.005582619 0.004954988
0.008164971 0.006117146 0.006680849 0.008146097 0.006968298 0.006098925 0.01069078 0.04580085 0.01867003 0.01232585 0.0143654 0.01034369 0.006080096 0.006941358 0.01045307 0.00736254 0.006070683 0.004922824 0.008865831 0.01885475 0.01087464 0.01104285 0.0115979 0.01925558 0.01285003 0.005536171 0.01670975 0.01167616 0.01809733 0.01126101 0.008580285 0.005519039 0.00551625 0.007832399 0.006016738 0.008372447 0.02244604 0.02721479 0.007388293 0.006906825 0.01010482 0.01975534 0.005547512 0.007383621 0.005549029 0.006326133 0.006063142 0.009949888 0.007291471 0.006598898 0.007615778 0.006882966 0.004541337 0.004950512 0.004736583 0.004966129 0.005252813
0.006988952 0.006992466 0.01631999 0.006986765 0.006983142 0.009767241 0.006111293 0.01087735 0.008567464 0.007676664 0.005580639 0.008133586 0.009298766 0.006962754 0.02416308 0.01652572 0.006940416 0.006576866 0.011612 0.02245621 0.01105161 0.01097729 0.01264632 0.01602543 0.005191007 0.004915281 0.01007183 0.02105097 0.02421572 0.00922468 0.006897959 0.005536817 0.005530968 0.006893116 0.006032794 0.0107086 0.04471129 0.05028488 0.009569559 0.008162516 0.005198208 0.007568288 0.01592756 0.006942401 0.01300035 0.007751159 0.01614367 0.01141741 0.01097715 0.004727963 0.01340295 0.00770043 0.00660223 0.004969821 0.004279853 0.006940617 0.009118931
0.007003082 0.01199172 0.01162845 0.01253867 0.01645278 0.02775448 0.008719962 0.005593561 0.008479809 0.006976612 0.006307929 0.006968068 0.006966154 0.006102233 0.00975589 0.04541827 0.005584673 0.004938525 0.01048757 0.04001158 0.01342231 0.01145954 0.0126294 0.0222191 0.004526119 0.005197781 0.005557563 0.009697829 0.007671147 0.008995983 0.02895285 0.006061974 0.01604235 0.01644181 0.006550486 0.01168615 0.0171943 0.03567577 0.008040086 0.005210356 0.004717372 0.004938886 0.008320383 0.0287797 0.06771688 0.02551023 0.02409672 0.006115056 0.02224192 0.018849 0.0250916 0.01962887 0.005628129 0.007646399 0.004998167 0.01142086 0.01157453
0.01593713 0.01114788 0.01157611 0.01201266 0.01959454 0.03831637 0.01685127 0.01329368 0.005600756 0.00891802 0.006981045 0.01874683 0.006984913 0.006106526 0.02027458 0.007961392 0.004953437 0.00438812 0.006912502 0.01079099 0.03094322 0.02026339 0.02406105 0.007250996 0.004534667 0.006956859 0.006079155 0.006946354 0.01898833 0.006941502 0.009719917 0.006076933 0.03050988 0.006940776 0.01419906 0.01272607 0.008254363 0.008265051 0.02404704 0.008206191 0.004730328 0.004259323 0.004399522 0.04555912 0.01469613 0.01926351 0.00561167 0.03368719 0.01845834 0.005262377 0.01335204 0.04019638 0.0124042 0.006182471 0.01062749 0.01162476 0.01780738
0.01433025 0.01109105 0.01550228 0.01972988 0.04272281 0.01295451 0.00722763 0.0090579 0.0113303 0.006998336 0.04196303 0.01005907 0.00612204 0.006120739 0.02248693 0.008527518 0.005593991 0.004733375 0.006458186 0.009048034 0.01091992 0.05540072 0.008159647 0.004727849 0.006095192 0.02550997 0.007557313 0.02069462 0.01662348 0.02970367 0.00849472 0.006084575 0.009974306 0.0104509 0.01556688 0.01132963 0.004553429 0.004554796 0.0194507 0.01201861 0.006931645 0.004745788 0.00372091 0.007810091 0.008682944 0.01003169 0.009828936 0.01409659 0.007029489 0.003978076 0.005287055 0.01827398 0.00567861 0.009956678 0.005038819 0.007766331 0.05386965
0.03265086 0.01342977 0.006147837 0.01055319 0.01392923 0.004760362 0.008792983 0.004975441 0.007567885 0.01005059 0.02511786 0.01276765 0.005610358 0.008748924 0.01223028 0.01356041 0.006121691 0.005602036 0.007462302 0.006882574 0.009247933 0.0201678 0.006733652 0.004956086 0.005597607 0.008527706 0.009891272 0.04482741 0.04481213 0.02262098 0.01251593 0.006099931 0.00870188 0.008142058 0.01301445 0.007318906 0.004409486 0.004752072 0.01018363 0.02173919 0.006953361 0.004759985 0.004421914 0.004289283 0.005940561 0.007514371 0.01007695 0.007933418 0.006259344 0.004608279 0.005678448 0.02721906 0.006224534 0.009816201 0.005060068 0.008353657 0.02298154
0.01460819 0.00563999 0.01023386 0.008210733 0.008819493 0.006584594 0.004984128 0.004760399 0.005259412 0.008766904 0.01907593 0.017546 0.01171851 0.005618113 0.007571165 0.007995639 0.008557458 0.008191221 0.004970809 0.006832665 0.007225745 0.01432433 0.004747255 0.005605752 0.006123011 0.007485546 0.007983254 0.03439828 0.01922539 0.005604323 0.01671521 0.01272962 0.005598742 0.004959335 0.009447791 0.004284014 0.004577265 0.004764224 0.006155436 0.09388028 0.00896965 0.005277359 0.006943032 0.005005416 0.004785474 0.007230265 0.00817448 0.007029746 0.005031106 0.005696986 0.02935863 0.008937654 0.008358944 0.005071995 0.01190667 0.01309511 0.03268751
0.006852881 0.008028126 0.005640096 0.009344815 0.004993122 0.007619296 0.005269289 0.007858824 0.005633336 0.009233249 0.01115176 0.01481939 0.00498702 0.01133041 0.005261496 0.005625596 0.006145036 0.007020484 0.005257725 0.004979325 0.005257595 0.0141835 0.00525603 0.005621846 0.007011594 0.006649107 0.02196527 0.01218942 0.007409572 0.01210866 0.005616445 0.01789231 0.01131096 0.004973055 0.004428898 0.00417545 0.004998161 0.007677892 0.009874998 0.02376561 0.04333185 0.03183242 0.01846488 0.01340913 0.009145232 0.005313193 0.007385768 0.004817366 0.007131042 0.01253909 0.01608005 0.005732224 0.00508233 0.004863373 0.007466139 0.01026888 0.006346584
0.01940235 0.006176617 0.007876447 0.006170218 0.007860086 0.006167915 0.03537925 0.008756924 0.00616465 0.008797846 0.0103154 0.005274875 0.01190848 0.005638786 0.007854887 0.005636129 0.008023545 0.005638572 0.004994974 0.005645671 0.06181135 0.01427467 0.02077756 0.00563441 0.01580769 0.03451588 0.007918698 0.009416869 0.004167193 0.00442226 0.01084632 0.01577405 0.007199595 0.006668888 0.005006981 0.005289624 0.005012743 0.009258479 0.02408042 0.01293371 0.01106697 0.01988115 0.01270312 0.008143666 0.006629769 0.00685445 0.004828975 0.004487487 0.006446786 0.006928631 0.005086409 0.00509533 0.004873775 0.004883438 0.007934785 0.01477896 0.01802608
0.01234943 0.04306844 0.01316729 0.01578775 0.0146494 0.01038179 0.009115014 0.006799356 0.007874896 0.005651007 0.005650854 0.005003498 0.008046565 0.008045753 0.006170626 0.009534203 0.01391709 0.02139248 0.02167646 0.03848503 0.02447449 0.03549436 0.02345347 0.005648421 0.005645652 0.04134297 0.008658163 0.003889281 0.007328407 0.003810984 0.004433126 0.01361018 0.006403462 0.00529878 0.008179756 0.005025656 0.005027281 0.006482198 0.00680075 0.01020612 0.009405432 0.01802943 0.004219932 0.008519213 0.005848993 0.004353987 0.004497799 0.004365022 0.004249413 0.004677633 0.004262528 0.004532733 0.004893919 0.008508982 0.008867559 0.005159514 0.009704275
0.0155995 0.00708324 0.01245258 0.009540081 0.005665583 0.008175137 0.005294115 0.004789289 0.005660592 0.006185263 0.006185036 0.005659702 0.005659006 0.005658592 0.007369492 0.007219852 0.00728932 0.007706884 0.007344677 0.01547647 0.02378086 0.004602598 0.01214715 0.00430728 0.01589428 0.01261174 0.003562053 0.005401301 0.006429585 0.004187262 0.007112514 0.005661802 0.00710363 0.02508006 0.0175158 0.005693793 0.004817194 0.005045024 0.004635351 0.008029242 0.005975801 0.009285603 0.01177774 0.004497495 0.006343901 0.005085353 0.004513945 0.004520143 0.004058431 0.003976233 0.005961208 0.007278339 0.01097186 0.005451365 0.005848948 0.004946117 0.004764712
0.02061368 0.01046378 0.008082761 0.005304919 0.008074429 0.00567196 0.005022055 0.005021559 0.005671471 0.008637059 0.00883503 0.005021258 0.00479588 0.00619515 0.005300374 0.005019715 0.005019734 0.004795049 0.006818191 0.01177624 0.02869178 0.007481652 0.004610204 0.009404637 0.01665196 0.007939664 0.004863506 0.003755577 0.003907733 0.005878065 0.009055603 0.01540031 0.03148863 0.01292087 0.03525713 0.01713835 0.008963182 0.00741162 0.004837676 0.006124319 0.004130054 0.008691869 0.009559366 0.007728108 0.005097182 0.004262266 0.004062451 0.008490194 0.004171364 0.006367075 0.007342331 0.0432241 0.02459603 0.03038253 0.008397406 0.005882605 0.005214709
0.02279343 0.01022993 0.005682995 0.005681914 0.006209501 0.009076891 0.008282881 0.005032595 0.01044512 0.005681502 0.0126203 0.009867474 0.005029802 0.005680769 0.005310893 0.005311491 0.01036565 0.005680643 0.00480558 0.008098838 0.03039014 0.008853622 0.004204015 0.009230015 0.01126096 0.005003702 0.004748679 0.003577284 0.003380536 0.003698774 0.006485502 0.01508833 0.05756493 0.01477273 0.03291767 0.06964541 0.02206531 0.01794329 0.01251501 0.006745375 0.004251394 0.008446356 0.008859 0.007445211 0.004885301 0.006083142 0.01031728 0.02299888 0.004422189 0.007679728 0.01466543 0.03430241 0.01637455 0.007372725 0.005893764 0.004987068 0.006522145
0.01021689 0.005692052 0.005691933 0.008676209 0.009485581 0.005690802 0.02442491 0.01740147 0.01107081 0.006221124 0.02098166 0.0114398 0.009010987 0.005691886 0.004813847 0.008217271 0.02537755 0.01347605 0.005693719 0.006196643 0.03416871 0.01288508 0.006231993 0.006914626 0.007709291 0.003344206 0.003432247 0.003846341 0.003774296 0.005631951 0.00733738 0.008800187 0.007252255 0.03357936 0.07808596 0.0123808 0.01026894 0.009072485 0.007428634 0.007214739 0.003970108 0.007226886 0.006947764 0.005126783 0.004549658 0.01118826 0.0159777 0.02955656 0.02832609 0.03403844 0.03649702 0.007375309 0.01778873 0.006460944 0.009518548 0.007681347 0.00502326
