data/rastert_h202205110324.txt
ncols         556
nrows         384
xllcorner     114.18562400068
yllcorner     22.67010711186
cellsize      0.00027777778
NODATA_value  -9999
[rows 312 to 337 of 384, columns 285 to 341 of 556]
0.005781277 0.005010063 0.008078296 0.01118363 0.008855801 0.007808523 0.01058044 0.02709199 0.01881263 0.00781568 0.01889975 0.01368807 0.008119375 0.006644322 0.005220247 0.005471462 0.006201472 0.008292191 0.006804191 0.006206263 0.008910621 0.02671184 0.01351613 0.0134881 0.01342896 0.01346963 0.01346957 0.01370739 0.01764108 0.04266715 0.0249162 0.02993275 0.02640969 0.00642586 0.009566008 0.008123782 0.005662853 0.00518808 0.004851189 0.01016093 0.007083823 0.014959 0.01351652 0.01409193 0.0237224 0.008180936 0.007098845 0.01311701 0.01116104 0.008209682 0.03082238 0.01458784 0.01408557 0.01689264 0.03507271 0.007161609 0.01375603
0.005470696 0.007316527 0.009871503 0.01611364 0.02947641 0.01235642 0.007840151 0.02417612 0.02716297 0.009788918 0.01348029 0.005224213 0.004690815 0.004842046 0.005474999 0.005476357 0.005477465 0.008020622 0.01418896 0.006212936 0.006217206 0.01968199 0.01295807 0.0130271 0.01339827 0.0134728 0.01404362 0.02234283 0.05605773 0.01455912 0.006431109 0.0119896 0.01601067 0.01758408 0.009970039 0.007056322 0.005667907 0.00566984 0.008305082 0.006003749 0.009389259 0.02597455 0.01361785 0.01362652 0.01488596 0.02775845 0.01115427 0.008190087 0.008196893 0.01873823 0.008228928 0.01860665 0.01549755 0.01482515 0.02561101 0.06375448 0.01757352
0.005474675 0.006841708 0.01056394 0.03662115 0.01604607 0.008273888 0.03977488 0.04653819 0.02382023 0.006211576 0.006206896 0.009592243 0.008403177 0.00579373 0.005794538 0.005230421 0.008008241 0.01112604 0.05968877 0.0151053 0.01136547 0.01363119 0.01296415 0.01307596 0.0130675 0.01389917 0.01808267 0.008133125 0.01239819 0.01885781 0.008719007 0.009070508 0.006431898 0.01362595 0.007064945 0.005671412 0.005673256 0.00879848 0.006442187 0.00927038 0.01110763 0.03533769 0.01452764 0.01359431 0.0143821 0.03024215 0.01433879 0.008201966 0.01356938 0.01422145 0.007142996 0.0426714 0.02338031 0.0253785 0.03861819 0.01707721 0.01912556
0.005228113 0.006886915 0.01062397 0.02651261 0.0142262 0.00897841 0.01136514 0.01152902 0.008929023 0.02319662 0.01786906 0.006215703 0.005485429 0.007576673 0.005233809 0.005486418 0.008544332 0.01620289 0.006823966 0.00683431 0.03457795 0.01343077 0.01372421 0.01878223 0.01523168 0.02711843 0.01796453 0.005997704 0.008618155 0.0137757 0.007994267 0.005998573 0.007062587 0.01687849 0.007065675 0.005675952 0.01056788 0.01065855 0.006448282 0.006014612 0.01036855 0.008182184 0.02432868 0.01360792 0.01864824 0.008200438 0.007120247 0.007118487 0.0131667 0.01459942 0.00650842 0.02290368 0.01434718 0.05643867 0.02150151 0.01335169 0.01214127
0.009802548 0.01069769 0.01346783 0.03063188 0.02050734 0.007843336 0.006215738 0.008741346 0.006215964 0.01227939 0.00622221 0.02021907 0.01223753 0.005804368 0.008072478 0.005240707 0.01004204 0.006226541 0.006229828 0.01431394 0.01616697 0.01649516 0.007870713 0.00787513 0.03524 0.01544619 0.01108504 0.00745811 0.00643587 0.009265677 0.009085941 0.007066676 0.01422605 0.008157445 0.005678915 0.007633061 0.009480918 0.02881933 0.01024023 0.007088231 0.01165476 0.0528952 0.01631442 0.01378654 0.0203854 0.008209737 0.01008024 0.007122717 0.01193813 0.01454395 0.0106335 0.01046847 0.009387462 0.01587026 0.01161095 0.01627093 0.008213343
0.01074947 0.01217749 0.01509779 0.02842266 0.02100155 0.0113545 0.006221042 0.006221995 0.006820195 0.006223361 0.006824009 0.007858587 0.006226842 0.009948681 0.01495964 0.005812 0.006230712 0.006232928 0.009839165 0.0316282 0.01641585 0.02840902 0.006248396 0.006873489 0.06827716 0.01760908 0.005517871 0.007545726 0.006440908 0.006442563 0.00707217 0.007076483 0.008160763 0.005682095 0.005022836 0.008819399 0.01718577 0.093297 0.05335068 0.01356241 0.02835608 0.01058404 0.02531896 0.01564555 0.01461073 0.03237461 0.01254557 0.009554433 0.006499401 0.008722787 0.00957401 0.009384812 0.006521097 0.01846433 0.009728459 0.008544216 0.00717233
0.005032565 0.007737847 0.01454483 0.01962828 0.02289985 0.015111 0.01227933 0.006827549 0.006226781 0.006228922 0.006229834 0.006229811 0.006231466 0.01406402 0.0151813 0.009962577 0.00983849 0.006850488 0.01143579 0.02569165 0.03576744 0.006254667 0.008366114 0.006258494 0.03079035 0.01104458 0.007637185 0.005841353 0.006264302 0.006011181 0.005204638 0.005684588 0.006015197 0.005424561 0.008823857 0.01551964 0.03663193 0.01060552 0.01706458 0.01959917 0.005039706 0.005441122 0.009051688 0.02731071 0.01566831 0.02680388 0.009476461 0.00605848 0.00572986 0.006509197 0.005738996 0.006520758 0.006529949 0.02015116 0.006543852 0.005278659 0.005284053
0.007739885 0.009968975 0.04733174 0.01364969 0.02177312 0.01298308 0.009621719 0.006832146 0.006233118 0.00895034 0.0124913 0.009836012 0.01138841 0.04739234 0.01337837 0.007922694 0.02339024 0.035989 0.05149543 0.01590011 0.008606114 0.005057605 0.006254083 0.0115449 0.01209829 0.005528799 0.007919874 0.006267636 0.005850045 0.00451437 0.007368865 0.01066464 0.008757771 0.006462529 0.01053554 0.02049031 0.01237305 0.005436057 0.01032387 0.01176296 0.004621771 0.004746207 0.004750391 0.006493665 0.03119466 0.02593509 0.009484731 0.006063619 0.006509314 0.006072785 0.005743774 0.006526114 0.007172754 0.008295489 0.009636747 0.005770585 0.00655937
0.01568691 0.01496122 0.07651842 0.01604653 0.01890955 0.007871818 0.006240994 0.00623784 0.006243041 0.01139672 0.03374704 0.02198773 0.02507247 0.01594381 0.02632426 0.009271307 0.007880708 0.01644614 0.00687472 0.01799607 0.009154106 0.005267533 0.009106721 0.005843544 0.009195204 0.006875331 0.006271259 0.005282179 0.008028425 0.005423304 0.01768591 0.03015468 0.02532867 0.01975449 0.01028586 0.01172164 0.0054389 0.00474223 0.00731983 0.007508254 0.005045954 0.006046822 0.01200279 0.01689371 0.02335764 0.02769634 0.007150467 0.00608167 0.008260114 0.008843772 0.00959417 0.008757406 0.009235495 0.01372605 0.0113154 0.009448348 0.006118014
0.02160532 0.02214869 0.009186611 0.03332179 0.01445476 0.02352057 0.01140235 0.006853273 0.006854204 0.02570178 0.01712455 0.01839443 0.01374335 0.01532488 0.03319615 0.02060412 0.009879393 0.006863166 0.00898919 0.01355874 0.007707251 0.008383178 0.005846187 0.005530184 0.005532434 0.009205398 0.009017175 0.006287056 0.01753477 0.02110904 0.02574748 0.0142616 0.01425985 0.02625203 0.01620643 0.006190442 0.007968933 0.00570825 0.006041978 0.006484023 0.006048117 0.009458252 0.007419928 0.0084415 0.01434756 0.04601289 0.03569559 0.06051311 0.01516722 0.007169243 0.01465197 0.0197527 0.01283988 0.006105112 0.006558012 0.008409055 0.005785641
0.01603916 0.005509402 0.007687706 0.00923808 0.02041648 0.01467617 0.01608269 0.02778363 0.007899124 0.01231466 0.007887385 0.007894198 0.02910459 0.01725369 0.03029325 0.006264813 0.01641632 0.00626206 0.006263678 0.008020944 0.005066977 0.005530856 0.006272585 0.005071824 0.005283826 0.0102283 0.01395637 0.02929539 0.02757719 0.01466934 0.01314295 0.01553124 0.02210988 0.04459734 0.01509781 0.009899159 0.005784348 0.005020635 0.006214039 0.005718661 0.006494435 0.008222921 0.005461532 0.004763118 0.005734197 0.01360148 0.01589461 0.01521743 0.008626741 0.01507702 0.02930676 0.0496502 0.01228179 0.006564571 0.01403489 0.008486579 0.005790382
0.006252238 0.005513533 0.00526142 0.005832385 0.01158947 0.01698092 0.01359938 0.01574881 0.02648472 0.01071129 0.007894222 0.006870068 0.007911999 0.05950741 0.007941348 0.01093397 0.009198105 0.01656976 0.01173861 0.0055331 0.005852767 0.005854625 0.004897512 0.005541428 0.008678281 0.0143597 0.03113809 0.01546938 0.01351503 0.01496951 0.02707311 0.006763973 0.009864293 0.01074826 0.008889233 0.02015186 0.01721129 0.007849873 0.005800841 0.005034821 0.01182505 0.006502059 0.005465969 0.005066298 0.00547312 0.006520069 0.009165948 0.006529057 0.007175532 0.02255839 0.02087461 0.01511862 0.01795331 0.04006141 0.0243554 0.009681185 0.006133444
0.005838501 0.005838363 0.005521188 0.005840389 0.02514917 0.04016843 0.01784108 0.01405829 0.02452911 0.01416702 0.01415811 0.006871177 0.009326565 0.006893232 0.03662084 0.009131052 0.005851015 0.005534188 0.007939395 0.005538349 0.006279917 0.005078042 0.007098969 0.01189539 0.006903229 0.02278634 0.01410082 0.01346919 0.01562356 0.02995832 0.006316986 0.008431062 0.005762212 0.008263215 0.006189278 0.01158975 0.006802471 0.005797302 0.00758426 0.005495781 0.01514017 0.009149655 0.0058343 0.008777275 0.01555292 0.02825865 0.01377227 0.008281963 0.008294154 0.008619653 0.007195851 0.02256487 0.01537793 0.01617471 0.02932447 0.008358413 0.01231437
0.01334152 0.01997312 0.01916245 0.02198823 0.006880317 0.007927272 0.04588219 0.02028177 0.03754068 0.0112231 0.006874688 0.006877861 0.007912802 0.01752693 0.03231421 0.01601322 0.01209856 0.009018656 0.006282024 0.006283817 0.005864001 0.007944823 0.01255604 0.03000963 0.01843984 0.01370269 0.01334273 0.01435395 0.0246032 0.01012149 0.01066997 0.006170572 0.005451943 0.006184292 0.005465236 0.005785053 0.005230393 0.01123215 0.01225153 0.01006143 0.01952922 0.01192666 0.01000526 0.006273346 0.007940913 0.01862842 0.01365516 0.01696139 0.01434997 0.01345096 0.007203098 0.008324454 0.015548 0.01411779 0.01410011 0.01496727 0.02322577
0.005529485 0.00926203 0.01688953 0.02462615 0.03294055 0.03349426 0.006279873 0.01146878 0.01334114 0.01594822 0.009699635 0.00688209 0.006887727 0.01481793 0.01520559 0.007673179 0.005544297 0.006287253 0.006289241 0.005548819 0.005295302 0.007674249 0.005883158 0.04700403 0.01887281 0.01370221 0.01477529 0.02807964 0.01681295 0.008907583 0.005897909 0.005448551 0.005454307 0.005004765 0.005218072 0.005474761 0.009021414 0.03183074 0.02423134 0.02326828 0.04554242 0.007915032 0.007902509 0.01585149 0.03716587 0.01345736 0.01318423 0.01360853 0.01446305 0.01373606 0.02329434 0.009451682 0.01972141 0.0151518 0.01490871 0.0204846 0.02341635
0.005278024 0.009311515 0.004894042 0.008247719 0.01115758 0.007940488 0.005859954 0.006277291 0.01310325 0.03739415 0.009726341 0.00688887 0.006285261 0.005864298 0.008166553 0.005082705 0.005867354 0.006295912 0.01160897 0.005873931 0.005555679 0.008184945 0.01244798 0.01349907 0.0181086 0.02340485 0.03980585 0.01989389 0.008914108 0.005902415 0.006942761 0.006333227 0.005208276 0.008445652 0.009201169 0.01506343 0.02242538 0.01562984 0.01419387 0.02529897 0.01142258 0.006872426 0.006869224 0.009007496 0.03534276 0.01323596 0.01314508 0.01347702 0.02000228 0.007994343 0.01443656 0.008336997 0.0226451 0.02426535 0.008362847 0.007247754 0.01033978
0.006276675 0.005282905 0.004742853 0.004609418 0.005075204 0.006279753 0.006888416 0.009710169 0.006292567 0.01215824 0.006907336 0.006295943 0.00628949 0.01121037 0.008656917 0.005296662 0.005873442 0.00917732 0.01917823 0.0100958 0.006307196 0.009269508 0.0465463 0.04229126 0.00694173 0.005897384 0.01071368 0.005903069 0.005583365 0.006946181 0.006338135 0.009106601 0.005464523 0.01470942 0.007824095 0.03341767 0.01676712 0.01321406 0.01381097 0.02011222 0.006250506 0.006256134 0.006263766 0.009001419 0.01369871 0.0141209 0.01327177 0.01623269 0.03085757 0.006333027 0.008714401 0.005924434 0.03763959 0.04852252 0.01521446 0.007251226 0.006421058
0.006281985 0.005541397 0.004746787 0.00461317 0.005289647 0.006297462 0.007967504 0.00793768 0.01077677 0.02647193 0.03982213 0.009950707 0.01606964 0.009306915 0.005300252 0.005301691 0.005558709 0.009269431 0.04681135 0.03377861 0.01342963 0.01419047 0.06998327 0.01332503 0.009098846 0.006325774 0.006329541 0.006332857 0.006335318 0.005912636 0.005923404 0.01452894 0.006796576 0.0387338 0.02108131 0.0135796 0.01304142 0.01359159 0.01984447 0.01140795 0.006250499 0.006257768 0.006266207 0.006274853 0.009918903 0.02332508 0.01534112 0.03346515 0.01041459 0.007907227 0.005331002 0.005127559 0.01586467 0.0206617 0.01396082 0.006414652 0.009248179
0.00529212 0.008109181 0.004909769 0.008272194 0.01042341 0.01192652 0.04533259 0.01299445 0.01560251 0.05390728 0.07474142 0.03363685 0.0176074 0.008670305 0.005305137 0.00588302 0.005884712 0.008563945 0.05413307 0.02001247 0.006319532 0.005585332 0.009377359 0.02211457 0.009795679 0.006946451 0.006950798 0.006339986 0.006344819 0.008509598 0.0102069 0.04482288 0.01215185 0.03375976 0.0201206 0.007840994 0.01293414 0.01337758 0.01783177 0.007882817 0.00898224 0.005842825 0.006271791 0.00627723 0.009929148 0.03437323 0.02909159 0.01035149 0.008258798 0.004934613 0.004941019 0.004657859 0.006361253 0.02125247 0.007390778 0.01695488 0.007054658
0.00950568 0.01365749 0.006309932 0.05835619 0.03667787 0.01380605 0.01356301 0.006302104 0.02063569 0.01464011 0.01439629 0.01688944 0.008558272 0.00980166 0.00631116 0.009182567 0.006318158 0.005579874 0.008007099 0.008096324 0.007722144 0.005323168 0.01132738 0.01401016 0.01511497 0.01134344 0.00696454 0.008029795 0.01273311 0.0163815 0.07036807 0.01174113 0.011567 0.006807844 0.007832595 0.0175719 0.01335736 0.01308556 0.01382982 0.02089807 0.007896974 0.01976508 0.01916387 0.006889516 0.01656858 0.06664644 0.01031128 0.005315552 0.005108282 0.005115031 0.005591519 0.005342784 0.01355355 0.02194794 0.008110928 0.01491342 0.02570317
0.01438289 0.03197495 0.02722116 0.008993679 0.01121434 0.006915411 0.008805584 0.009503625 0.01143821 0.007694068 0.009082737 0.007391775 0.009429834 0.005890777 0.03516942 0.01698566 0.009810495 0.006936989 0.006325869 0.005902575 0.005904818 0.007662063 0.009154093 0.01396939 0.008017188 0.008029883 0.02476766 0.02465856 0.006976376 0.009985138 0.008820836 0.006367478 0.009866215 0.006803717 0.01805135 0.01341549 0.01293687 0.01291352 0.01295781 0.01341075 0.01751068 0.01368574 0.01428697 0.0137898 0.01383843 0.01645075 0.007845054 0.005314291 0.006326356 0.005908838 0.005593334 0.009320381 0.006363006 0.01167654 0.01569222 0.01358397 0.01699308
0.005529232 0.01415833 0.0305648 0.0231112 0.01291013 0.005947191 0.005952187 0.00817905 0.009458693 0.00452636 0.006500265 0.004535025 0.007565458 0.01703402 0.0454559 0.05235589 0.01526499 0.01136837 0.00874557 0.005634247 0.005093781 0.005099514 0.005653574 0.009666242 0.007647379 0.007655414 0.02122496 0.01108116 0.009606086 0.009023326 0.00669887 0.00699297 0.006377637 0.009935969 0.03230943 0.01558355 0.01307925 0.01292749 0.0129272 0.01302562 0.01412199 0.02498142 0.01369359 0.009921856 0.01363904 0.01146412 0.005565727 0.006929162 0.01284893 0.006336907 0.006346066 0.01027491 0.006988724 0.02366404 0.03270305 0.01350389 0.01375161
0.004998039 0.007695033 0.05276523 0.03847981 0.006517732 0.008623599 0.005561645 0.005029401 0.005034423 0.004528667 0.004677788 0.004103314 0.004108 0.008867358 0.008827335 0.007399377 0.008045345 0.01093342 0.006031642 0.005333544 0.005096506 0.005345004 0.008260589 0.01361653 0.02484516 0.02224783 0.006674351 0.006095495 0.006102396 0.007689621 0.006117339 0.005717493 0.006133707 0.01119331 0.008021288 0.02302589 0.01798835 0.01350557 0.0136087 0.02145939 0.04403294 0.009924928 0.009021604 0.006286094 0.01129338 0.006303601 0.006312108 0.01930757 0.05062357 0.01165223 0.008025846 0.01215763 0.0244695 0.007038809 0.03629966 0.01355234 0.01357842
0.004999206 0.006899794 0.01648835 0.009133474 0.01641158 0.006518593 0.005569987 0.004397376 0.004185305 0.004530491 0.00453481 0.004684507 0.004302957 0.004694108 0.006880671 0.005313081 0.006020411 0.006036193 0.009730346 0.005643592 0.005646918 0.0089184 0.009858279 0.04722291 0.01443641 0.02008912 0.00568774 0.005692377 0.00494341 0.006116123 0.006121291 0.008790301 0.01136815 0.01221906 0.01238423 0.007770393 0.00777749 0.03452835 0.03696736 0.007916902 0.02910007 0.006281999 0.006280089 0.006287872 0.006906598 0.006305533 0.005891338 0.01156739 0.006963818 0.02125943 0.01897533 0.006983291 0.01200282 0.008691167 0.006422157 0.01431076 0.01376841
0.00436944 0.007551174 0.007212162 0.006505556 0.01367721 0.01294343 0.03327341 0.009001778 0.007188044 0.006358128 0.006700642 0.004541322 0.004860192 0.005063732 0.005310138 0.007749599 0.009975898 0.0150711 0.04070325 0.02502334 0.01116051 0.006634773 0.008516409 0.01381166 0.01870629 0.02075019 0.009727351 0.005389072 0.006111594 0.01741122 0.01114981 0.009116128 0.04646668 0.02169793 0.04467347 0.01837248 0.006178612 0.0109981 0.009148655 0.01114786 0.01334759 0.02328266 0.013209 0.007683772 0.0198148 0.01129289 0.006928014 0.005320758 0.008579172 0.023909 0.01918286 0.006981623 0.00563912 0.005972751 0.005655981 0.02062551 0.01750456
0.006827766 0.003988568 0.004266966 0.009857336 0.04895709 0.007482782 0.0177511 0.01918919 0.0457177 0.009726338 0.006946199 0.008714468 0.005302106 0.006006634 0.007235327 0.01131412 0.02008814 0.03124738 0.04517366 0.01246004 0.01347224 0.007934454 0.01113436 0.009461952 0.0332558 0.01658557 0.01871406 0.006687823 0.009421637 0.03448855 0.02671353 0.006738908 0.01541642 0.03394102 0.006760697 0.02293367 0.01624015 0.008503066 0.005213633 0.008046879 0.01108815 0.01922766 0.006288457 0.008980544 0.03049137 0.009985087 0.006929753 0.005899889 0.007643476 0.04834736 0.01169385 0.006361979 0.006398278 0.004990995 0.005985791 0.02332675 0.04005177
