data/rastert_h202205110324.txt
ncols         556
nrows         384
xllcorner     114.18562400068
yllcorner     22.67010711186
cellsize      0.00027777778
NODATA_value  -9999
[rows 286 to 311 of 384, columns 171 to 227 of 556]
0.01258277 0.006596096 0.0128884 0.007231333 0.01900522 0.007216836 0.006561081 0.01184884 0.006221582 0.01417111 0.007333779 0.008472317 0.009515383 0.0143524 0.007293195 0.006630619 0.007277153 0.01919262 0.01402279 0.01417063 0.01496043 0.02412264 0.01074144 0.01400335 0.009568204 0.005509002 0.006105715 0.007185825 0.00718241 0.0154759 0.006527301 0.02029517 0.01454848 0.01368429 0.01369285 0.01368602 0.0136444 0.01364411 0.01368993 0.0142641 0.01951854 0.02104304 0.01951715 0.02328106 0.01409291 0.009233506 0.006416709 0.007033897 0.01013278 0.03740511 0.01483423 0.01496375 0.01093877 0.008053357 0.005353078 0.005135121 0.006683546
0.008346575 0.007225439 0.007220419 0.007215237 0.0145417 0.01018921 0.01038377 0.006549677 0.005871355 0.008859702 0.01082257 0.03164197 0.008432652 0.008423303 0.006636873 0.006630139 0.008399526 0.01538494 0.01399457 0.01399994 0.0149117 0.02227366 0.006130013 0.005515738 0.00551083 0.006108359 0.006548974 0.008291638 0.007178068 0.006085379 0.006078232 0.01216598 0.02077117 0.01367797 0.01367233 0.01363622 0.01361281 0.0135933 0.01358123 0.01358165 0.01362208 0.01435835 0.02570336 0.06716184 0.02012655 0.006424145 0.006414146 0.0064081 0.009039311 0.03271987 0.01754002 0.01391836 0.01337228 0.005357381 0.006363075 0.006356222 0.004658573
0.008340884 0.01113577 0.01133063 0.008314837 0.008312051 0.007196471 0.007188703 0.006541436 0.006536057 0.00586015 0.006651648 0.01229612 0.008429599 0.01922567 0.007288982 0.03264467 0.02029629 0.01415215 0.01398086 0.0139607 0.02140396 0.01212002 0.006570937 0.005512402 0.005506764 0.006104244 0.007188926 0.01472928 0.006532402 0.005260788 0.005257326 0.02103077 0.01451823 0.01367748 0.01364597 0.01362469 0.01361019 0.01360887 0.01362473 0.01386353 0.01718856 0.03521837 0.007078902 0.02527419 0.01123694 0.01870014 0.02380826 0.007029155 0.00992838 0.03040612 0.01144548 0.01733858 0.01292294 0.01594331 0.0119108 0.01027438 0.005128449
0.02906341 0.007215109 0.009788878 0.008302176 0.0205086 0.01129839 0.008284655 0.008281033 0.006530216 0.006651958 0.009596824 0.02708756 0.02237979 0.01846014 0.008418852 0.01765053 0.01472339 0.01401209 0.01397771 0.01394135 0.0190041 0.008339134 0.01074215 0.009715294 0.008001218 0.006100778 0.006094803 0.01608108 0.005483767 0.005075437 0.009705589 0.01466711 0.01378489 0.01367377 0.0136411 0.01363113 0.01363294 0.01369415 0.01444617 0.02148183 0.01200945 0.006012439 0.008628491 0.01264937 0.01980664 0.008588133 0.006412431 0.03914592 0.007020209 0.009313383 0.02775016 0.008811723 0.01669076 0.01327567 0.008374292 0.005602994 0.00494779
0.02264482 0.01350144 0.006555103 0.00802712 0.00718559 0.008311726 0.007188106 0.008270515 0.01400163 0.01368501 0.02106151 0.007289215 0.01196711 0.01336427 0.03487154 0.01431437 0.01422826 0.01398162 0.01398025 0.01392654 0.01449391 0.01933665 0.0435994 0.02343467 0.006554095 0.008390852 0.008880824 0.01704598 0.00548683 0.006516943 0.03163937 0.01395874 0.01370836 0.01367328 0.01367612 0.01381091 0.01607312 0.03531944 0.06625614 0.03914358 0.02428034 0.006004354 0.006432653 0.008839997 0.01819781 0.005655606 0.006407664 0.04924842 0.009511035 0.00595839 0.02693244 0.008377542 0.00514505 0.01560918 0.01011937 0.004660068 0.00494697
0.01674106 0.02911936 0.01048279 0.01774258 0.01291102 0.0431449 0.007179404 0.007160312 0.01522732 0.01207666 0.006504298 0.0094713 0.007283196 0.008406605 0.01840397 0.01404115 0.01453051 0.01397442 0.01402432 0.013913 0.01398003 0.01431113 0.01800006 0.008309081 0.007192182 0.007185991 0.04123449 0.05545751 0.01150271 0.01197602 0.01573138 0.01388461 0.01377902 0.0140327 0.018311 0.03935809 0.006478382 0.01132117 0.01318455 0.005425627 0.01244219 0.02840476 0.008447925 0.005400749 0.0110857 0.007888001 0.00641717 0.05998733 0.005974306 0.005157696 0.01917991 0.0131393 0.004807757 0.01215449 0.007583204 0.01016893 0.005127195
0.02305462 0.03130909 0.02248853 0.006532952 0.01034044 0.01866453 0.006518947 0.006070589 0.006064854 0.0094796 0.006496915 0.006627076 0.01782467 0.02574406 0.0143644 0.01400544 0.01820717 0.008357168 0.0144172 0.01390006 0.01391841 0.01393092 0.01435517 0.0149444 0.02010812 0.02307763 0.01566515 0.01951915 0.007159004 0.008725859 0.0240838 0.02866 0.03937913 0.08332255 0.03605005 0.009322448 0.008185565 0.009486016 0.00837446 0.004862322 0.01148797 0.01154722 0.009721535 0.004844484 0.009763041 0.005649718 0.01121659 0.03913327 0.01002861 0.005629886 0.01928522 0.01044923 0.004549909 0.01015139 0.005133881 0.007893695 0.006796627
0.03446633 0.04017554 0.0132735 0.006079187 0.006516681 0.006515764 0.005735002 0.005060761 0.005058244 0.006055205 0.01131038 0.009355863 0.03573304 0.01550837 0.01405204 0.01400545 0.01448753 0.01764221 0.008342136 0.01388786 0.01391866 0.01391681 0.01402244 0.01394509 0.01464462 0.01405796 0.01504078 0.02494442 0.01568445 0.006508294 0.01060911 0.01314577 0.01764775 0.05441192 0.006493851 0.03521485 0.006462649 0.006456151 0.005684194 0.00541673 0.01010892 0.004851933 0.006625058 0.009235456 0.008397466 0.004991866 0.005970685 0.06247107 0.006410255 0.005369276 0.01510835 0.007183045 0.006564109 0.004957566 0.004661999 0.00512871 0.005593725
0.01070356 0.01176347 0.006527359 0.006514511 0.006066923 0.005729766 0.004899388 0.004757675 0.008509865 0.01353401 0.007117564 0.01367693 0.02838537 0.01420632 0.01404087 0.01405157 0.01408406 0.01442165 0.01445392 0.0138772 0.01400929 0.01402824 0.01438512 0.01383096 0.01731 0.02113209 0.04337672 0.1077121 0.01995428 0.00907747 0.005459071 0.008095205 0.01143899 0.01065034 0.0630305 0.006484017 0.04515127 0.04082605 0.02021557 0.00890597 0.005194402 0.007043133 0.005002788 0.007188905 0.004994398 0.009632044 0.0281193 0.01706312 0.01770524 0.007222787 0.007174674 0.006375681 0.004439365 0.004956226 0.005926442 0.005597711 0.005123655
0.03400326 0.007162584 0.007148014 0.006065706 0.00882504 0.007998156 0.005455876 0.00904472 0.01595039 0.01681493 0.01165418 0.008198643 0.01678047 0.01425717 0.01414137 0.01452933 0.01414733 0.01416417 0.01456824 0.01386978 0.01511713 0.01581097 0.02098325 0.01381294 0.04155377 0.0442143 0.01220204 0.05377484 0.008567825 0.009322438 0.004755521 0.005049266 0.006941485 0.005224652 0.02595042 0.0382617 0.006027951 0.018627 0.02306212 0.01481242 0.01321187 0.006845984 0.004376445 0.004840157 0.006464922 0.009107188 0.01796465 0.01467856 0.00696463 0.005977447 0.004176549 0.004550635 0.005352808 0.005136256 0.008131727 0.005339731 0.006996093
0.008292754 0.007153834 0.006501367 0.005726852 0.01533577 0.01509956 0.01060401 0.01509082 0.0322655 0.02740029 0.0224281 0.01992933 0.01929628 0.01754302 0.01551193 0.01877494 0.01620458 0.01498677 0.02394059 0.01386708 0.02401299 0.0300378 0.04892071 0.007193579 0.02799527 0.01806867 0.006073303 0.03955421 0.0187894 0.004896867 0.007245413 0.005047064 0.004090188 0.006340628 0.01474593 0.03353157 0.004732091 0.007441751 0.01178866 0.02183569 0.008513235 0.00590349 0.004474045 0.004995662 0.007807895 0.01088835 0.00857407 0.006955269 0.008237422 0.004678385 0.00481103 0.005356556 0.005610455 0.00782307 0.0110056 0.007855276 0.004788073
0.008281896 0.006057606 0.005460787 0.008715197 0.02127616 0.01509524 0.008226132 0.03781496 0.0175683 0.01538504 0.02335045 0.007094429 0.00708706 0.04159325 0.02543189 0.008345769 0.03229119 0.02396096 0.07233436 0.006569252 0.00943506 0.01650232 0.01390177 0.01127292 0.02834064 0.005743029 0.01272601 0.01412479 0.033117 0.01841163 0.01387109 0.007528128 0.004236172 0.004085692 0.01095879 0.02809592 0.01012198 0.005019599 0.0103573 0.01231996 0.007371398 0.006196115 0.004998492 0.007823307 0.004465959 0.009356891 0.007089434 0.004821928 0.00893594 0.005624031 0.004966561 0.004962169 0.007557515 0.004954195 0.008901621 0.01498662 0.00478776
0.006054007 0.00572208 0.01043415 0.03600615 0.04141949 0.008223846 0.008197111 0.01369877 0.01427854 0.02078685 0.008175737 0.00645459 0.007088395 0.02929578 0.007072596 0.006578605 0.02236627 0.01560434 0.06150285 0.006564756 0.006543609 0.01158634 0.009736199 0.007847127 0.01253091 0.01604407 0.01118309 0.01354213 0.02924454 0.009837337 0.008290134 0.006755649 0.004618546 0.004018125 0.007113045 0.02251887 0.01921915 0.009028048 0.0089806 0.007037106 0.006135523 0.006596263 0.005179144 0.00597756 0.004989566 0.005381459 0.005376503 0.004562975 0.004973192 0.007365789 0.01004986 0.007621236 0.009002498 0.005133763 0.007100663 0.01022332 0.01689884
0.009636011 0.01043161 0.02970658 0.01596651 0.01428187 0.01837034 0.01798504 0.01442785 0.01615211 0.03788428 0.01961961 0.007076584 0.007076496 0.03124564 0.006438313 0.00834298 0.01198328 0.01564491 0.07234601 0.02244971 0.008562432 0.0101872 0.007876131 0.004775151 0.01178343 0.01792057 0.009383792 0.01049123 0.0238129 0.01031226 0.008256914 0.00646309 0.004233148 0.004082389 0.006613523 0.01658836 0.01339508 0.008087971 0.006650564 0.006790954 0.004477784 0.004705407 0.005177928 0.005173695 0.004694445 0.004984715 0.005161928 0.005371406 0.004679686 0.007679127 0.0186108 0.009408399 0.01170986 0.008290967 0.004659319 0.009853996 0.02155495
0.01353651 0.03520019 0.01695371 0.01386386 0.01368986 0.01388703 0.01735676 0.02509801 0.0192169 0.07095566 0.01001687 0.01496613 0.006440121 0.01108461 0.01167518 0.00539651 0.007399018 0.00786197 0.0338727 0.0165846 0.01579556 0.00508095 0.007588638 0.004537824 0.01118427 0.01649377 0.00706961 0.008809608 0.02107411 0.008558649 0.009457163 0.006583458 0.004231651 0.00395372 0.009320195 0.00816177 0.005985046 0.005864912 0.006774716 0.004849536 0.005002899 0.005656733 0.005176832 0.004990976 0.006746749 0.008030623 0.01066048 0.008292226 0.004971573 0.007633887 0.009420337 0.01802712 0.01968418 0.01010775 0.00592501 0.01766139 0.02575076
0.04435542 0.01925677 0.01410393 0.01415424 0.02034474 0.03066789 0.008180385 0.01763872 0.007074472 0.02048898 0.02833169 0.007056299 0.01313018 0.01198451 0.00742006 0.009891872 0.004991297 0.004934459 0.02235102 0.02677624 0.01768662 0.01655812 0.008260331 0.004535825 0.009388087 0.01650973 0.004898682 0.007060806 0.007764632 0.02128745 0.007040539 0.00834259 0.004403946 0.004227111 0.006424142 0.006109413 0.004299797 0.004595484 0.0051919 0.005992593 0.004844557 0.006873159 0.007374411 0.007157752 0.004986117 0.01416527 0.01277911 0.0101161 0.004678307 0.004811308 0.005358518 0.01564972 0.03958985 0.006355527 0.01421128 0.01431479 0.02640392
0.06370979 0.03325967 0.02634338 0.03985184 0.01202174 0.01021045 0.006449318 0.009587691 0.009581217 0.02580551 0.007057933 0.03600334 0.01421891 0.008442061 0.006969444 0.004833075 0.009699218 0.004828795 0.02008918 0.0137848 0.01883215 0.01562051 0.009632625 0.004110166 0.007302426 0.0127342 0.006671153 0.00489291 0.005047997 0.01738771 0.008347342 0.004877446 0.007626018 0.005690602 0.005685767 0.005202788 0.004858302 0.004484694 0.004712966 0.005186455 0.006492248 0.006637255 0.01199055 0.008901452 0.007386248 0.01493785 0.01133094 0.01043954 0.004678082 0.008399419 0.007973853 0.005935191 0.005935165 0.03535884 0.01162482 0.006968815 0.005917624
0.01904499 0.009286371 0.006016618 0.006455878 0.01715133 0.008529355 0.00643525 0.008134473 0.008129285 0.01511032 0.01704761 0.02323402 0.0112039 0.004991907 0.004694308 0.004828488 0.008338378 0.007176491 0.01563776 0.01329969 0.01657024 0.008748985 0.007851978 0.007492277 0.004763018 0.0068815 0.006496016 0.005234102 0.007699779 0.009864512 0.007810909 0.008180245 0.0064613 0.006019955 0.005023042 0.005201598 0.004068213 0.006248819 0.006538986 0.006511298 0.006320443 0.008349545 0.01564666 0.01098384 0.01038742 0.01450399 0.004684974 0.01702617 0.005150302 0.01237794 0.005939022 0.01026815 0.009262649 0.03106048 0.01109936 0.005917481 0.005919556
0.006452406 0.01127784 0.006442049 0.006441391 0.01508191 0.008142876 0.03124589 0.03240639 0.02199082 0.01163159 0.007995252 0.01358357 0.0222763 0.009404804 0.007978226 0.004980482 0.005158599 0.004681569 0.0149855 0.01064211 0.004541348 0.01375213 0.006370473 0.006020579 0.006547654 0.004896821 0.005454086 0.005450087 0.006481172 0.00647577 0.006469653 0.00646461 0.006022196 0.01127977 0.008013581 0.004721544 0.004595686 0.009003453 0.008801986 0.008586055 0.008782214 0.008722777 0.01058708 0.02371184 0.01169547 0.0144849 0.004684395 0.01908984 0.008319443 0.01418996 0.008629689 0.006362673 0.01851643 0.02782226 0.0121149 0.006968176 0.01180139
0.01087856 0.00814645 0.006435598 0.006433673 0.01507152 0.03863119 0.02271024 0.07561103 0.01818437 0.007964318 0.00723191 0.004987126 0.01448368 0.0242961 0.01275171 0.01070052 0.009367307 0.005151893 0.01081877 0.004551579 0.01123691 0.01166716 0.006220716 0.00425338 0.004524821 0.005053985 0.00451809 0.004887935 0.006039815 0.005439762 0.005698932 0.008659981 0.008757244 0.01192412 0.009848922 0.005198772 0.007748097 0.009968759 0.01513684 0.01047709 0.01051525 0.0104484 0.01073206 0.02755209 0.01196528 0.01422919 0.004684448 0.02004625 0.01014508 0.01455399 0.01121289 0.008520342 0.006360735 0.03020528 0.00804684 0.02853314 0.01096728
0.03244373 0.02792006 0.007063496 0.006426559 0.00957326 0.0236798 0.01176866 0.02430905 0.01573487 0.01574254 0.005166465 0.005963604 0.007016911 0.01130609 0.01750883 0.01466388 0.009079072 0.007944351 0.005356799 0.007284624 0.009752288 0.007508658 0.004178219 0.00463737 0.005458779 0.004630532 0.004325719 0.006740488 0.00976084 0.008007631 0.008346245 0.009096298 0.01001968 0.01222038 0.01073872 0.007680137 0.004715458 0.004480397 0.004477138 0.01407761 0.01121441 0.01195935 0.01232786 0.03498552 0.01489168 0.01391575 0.005958476 0.02743841 0.01429429 0.01549 0.01232927 0.01694 0.006979048 0.008052942 0.04301039 0.01846834 0.01875111
0.01789348 0.008436224 0.008137536 0.008115333 0.007490349 0.0253239 0.006408167 0.01782704 0.00952037 0.01610553 0.01950229 0.02505543 0.01349878 0.01050547 0.009468505 0.006779903 0.006544757 0.007316558 0.004958274 0.005348109 0.005345449 0.004766628 0.005061755 0.005460901 0.008036819 0.004752279 0.00673156 0.006754911 0.01401403 0.009115395 0.008055849 0.009494482 0.009703077 0.01188437 0.01095868 0.00860581 0.004592245 0.006036872 0.006272874 0.0065302 0.01683208 0.01443842 0.0152335 0.04718351 0.01609842 0.006397944 0.02332606 0.04412186 0.0331328 0.03701765 0.05256257 0.009874851 0.006974581 0.00697468 0.02194829 0.02203635 0.01966014
0.007050261 0.01298423 0.01368124 0.01696808 0.008116295 0.005975309 0.01538256 0.01275475 0.007797243 0.007701351 0.0198333 0.006386941 0.01521201 0.007443118 0.006438505 0.006205761 0.004546613 0.005136597 0.005133838 0.005924379 0.005597629 0.00494513 0.005244405 0.007713727 0.008858715 0.004516774 0.006190453 0.007505021 0.007653995 0.01563538 0.00897763 0.010289 0.009715783 0.01136172 0.01110377 0.009688971 0.007028069 0.004380444 0.009398819 0.01068764 0.02691442 0.005974954 0.01463839 0.006406538 0.04544168 0.007011697 0.03567674 0.01639919 0.01389429 0.01660741 0.03531842 0.01580428 0.006359409 0.006361055 0.03493074 0.05383334 0.0198816
0.007041894 0.01913814 0.0174023 0.04493026 0.02438796 0.01730169 0.006396623 0.01654632 0.01235579 0.005952467 0.006379511 0.01530541 0.008036785 0.006165029 0.004252062 0.004802079 0.005605397 0.005602257 0.004794222 0.006750148 0.006797323 0.006883795 0.006758158 0.00890587 0.004891742 0.008709077 0.005742752 0.007411671 0.01009865 0.02152426 0.01215886 0.01632733 0.005022051 0.01386214 0.01377257 0.01172448 0.009666455 0.005663426 0.01634895 0.01373292 0.02202731 0.005647388 0.008199747 0.0164724 0.03895647 0.01234317 0.01317248 0.01339426 0.01434672 0.02243161 0.01020143 0.005613319 0.010948 0.00593087 0.009134686 0.01434608 0.009988804
0.007040099 0.03139202 0.02111195 0.07707074 0.006413619 0.005636055 0.01374887 0.008991223 0.02037747 0.01273414 0.01166365 0.008402761 0.007956898 0.004339729 0.004955664 0.005345774 0.00479522 0.006194923 0.006420281 0.004155737 0.01145063 0.009458916 0.009181742 0.00990724 0.006705123 0.004026801 0.01082835 0.0103286 0.02648884 0.05554144 0.03798865 0.005686788 0.008047787 0.0139695 0.01551122 0.01608943 0.0120792 0.008784371 0.01558476 0.006418702 0.01200232 0.01835084 0.009408886 0.0146015 0.08202184 0.007339371 0.01300807 0.01408827 0.02082199 0.01167412 0.006366477 0.005932744 0.008033261 0.006969895 0.006348225 0.005337442 0.00659534
0.007032109 0.01148536 0.01172115 0.01836401 0.02753294 0.009183305 0.006380381 0.008533021 0.006993123 0.0295228 0.01233047 0.007550326 0.004544159 0.007441833 0.005925118 0.005340823 0.00666174 0.006166362 0.01203671 0.007179267 0.01495696 0.01179951 0.009888848 0.01014802 0.008836707 0.004885434 0.01557023 0.006470921 0.007128962 0.08011568 0.02751848 0.009496008 0.01898495 0.005419665 0.005676476 0.02349941 0.01472362 0.0114093 0.005985338 0.01860364 0.005656276 0.02631627 0.01429785 0.02678664 0.01012692 0.007704666 0.01859574 0.01519631 0.02557861 0.02193862 0.02639725 0.03638947 0.05326437 0.05510554 0.006361662 0.007929645 0.004941585
