data/rastert_h202205110324.txt
ncols         556
nrows         384
xllcorner     114.18562400068
yllcorner     22.67010711186
cellsize      0.00027777778
NODATA_value  -9999
[rows 338 to 363 of 384, columns 342 to 398 of 556]
0.01069447 0.008567778 0.004873942 0.007057856 0.0096822 0.01649253 0.009408874 0.005474107 0.005748801 0.01053277 0.01467465 0.01174427 0.01891969 0.008356337 0.01833368 0.01470159 0.008430222 0.01854265 0.01415041 0.01419182 0.01427858 0.01457514 0.02133444 0.06148383 0.01939533 0.01670933 0.006828083 0.01012148 0.01221795 0.004886756 0.004575549 0.005360449 0.004922435 0.008548719 0.009677321 0.0117995 0.03298629 0.01544663 0.01630289 0.01600591 0.01887903 0.03629115 0.02176656 0.005564748 0.007625577 0.01009395 0.01138336 0.01708318 0.01109498 0.01035336 0.03287521 0.01177738 0.007505076 0.005015203 0.005981917 0.01486909 0.03155589
0.009069904 0.006554988 0.006520532 0.004742365 0.00703377 0.007022066 0.007210691 0.008410878 0.01014028 0.009050287 0.005501247 0.009849605 0.02416723 0.0128073 0.007245724 0.01029243 0.04010715 0.01815725 0.008445152 0.0141853 0.01434988 0.01713322 0.04095449 0.01391079 0.008951211 0.005711534 0.01196314 0.006016914 0.005517187 0.00501644 0.005346987 0.005558851 0.006094749 0.005390214 0.008574521 0.01115889 0.03493135 0.01540886 0.01556863 0.02650636 0.03274405 0.01500247 0.005209886 0.006834701 0.005242043 0.00807538 0.008428779 0.01151272 0.007578429 0.007589688 0.01006731 0.02721169 0.009581601 0.005016562 0.005034036 0.008376139 0.01939833
0.006707334 0.006529219 0.004613395 0.005040117 0.005047444 0.005239062 0.005465179 0.005739401 0.008262048 0.008371798 0.004792511 0.007600256 0.01173459 0.009745921 0.006146179 0.01063595 0.04147473 0.01488588 0.01466564 0.01418343 0.01507798 0.03219707 0.01115258 0.008473641 0.007535091 0.005117571 0.006004131 0.005736272 0.006859161 0.009020386 0.007931541 0.00555929 0.006934363 0.006112391 0.00560646 0.01108632 0.03516737 0.01540044 0.01549482 0.01875805 0.05667629 0.005980512 0.007367094 0.0055595 0.005243219 0.005416954 0.004902279 0.009168454 0.00473769 0.004950987 0.008026026 0.02507567 0.009582679 0.00763105 0.00527867 0.00476132 0.01430056
0.004392692 0.004497689 0.004875474 0.005040698 0.004626761 0.005055164 0.005465852 0.004910399 0.006525577 0.006092478 0.004791955 0.004563144 0.005110035 0.005526852 0.008596194 0.01454532 0.01979429 0.01570488 0.01439332 0.0141837 0.02138917 0.007355622 0.005628188 0.0052649 0.005274843 0.005710095 0.005722864 0.005309381 0.009222753 0.01737576 0.00823007 0.005361752 0.008801509 0.006112817 0.005406999 0.005251726 0.02786599 0.01539889 0.0154845 0.02850496 0.01068498 0.0161341 0.01168351 0.01105922 0.009462049 0.005597656 0.005279389 0.005454808 0.004936182 0.004754504 0.007590901 0.01760036 0.007820383 0.008321921 0.005986656 0.007500311 0.007546095
0.005204059 0.005027733 0.007227912 0.004620577 0.004416598 0.008755952 0.009529735 0.004647313 0.004917318 0.005270641 0.005765609 0.005100568 0.005108974 0.005304344 0.005126705 0.008453598 0.01303306 0.02665591 0.01511836 0.01419248 0.02746112 0.01322155 0.008593252 0.006782517 0.006330985 0.005710551 0.005297001 0.008458305 0.01374193 0.02040882 0.009049734 0.01032251 0.00855237 0.006114004 0.005407337 0.005423463 0.01361168 0.02854487 0.03469574 0.01511548 0.005955507 0.005526119 0.008474192 0.006311989 0.005245875 0.007661352 0.004802431 0.004920623 0.00483431 0.005193054 0.00508502 0.01039923 0.008395261 0.005752889 0.005586885 0.006008511 0.005812057
0.005683979 0.008057409 0.009635304 0.007288058 0.007848691 0.01605501 0.01663752 0.007825148 0.007269496 0.00665769 0.005278252 0.004799063 0.008186838 0.009127693 0.006141927 0.005813587 0.009727381 0.01489628 0.02247826 0.01425717 0.01585594 0.03413623 0.008963047 0.01273974 0.005981006 0.008853537 0.008941805 0.01168149 0.04390885 0.02913242 0.02372729 0.02095926 0.01198633 0.006957093 0.005844436 0.01106039 0.03675099 0.03304045 0.01774917 0.005937914 0.005333676 0.006644594 0.006292104 0.00864497 0.00959853 0.007702478 0.007360565 0.007564474 0.004655003 0.004757045 0.005695832 0.006490528 0.006903551 0.006535334 0.005989475 0.005444363 0.005318508
0.009442301 0.01307377 0.01770302 0.02912485 0.02990705 0.03618043 0.04449318 0.01560916 0.0166114 0.007076048 0.004791125 0.005099772 0.01277386 0.01188564 0.006589593 0.005135332 0.006621924 0.01832325 0.01509009 0.01483158 0.01441653 0.04915099 0.01038333 0.005688832 0.005980995 0.01911028 0.01618785 0.1138393 0.02413151 0.01992114 0.01473033 0.01001926 0.006935411 0.005826672 0.005607794 0.006155972 0.03289477 0.01336694 0.006579946 0.00549342 0.006252693 0.009728551 0.009834078 0.01901129 0.01022246 0.009967916 0.01030325 0.01406948 0.01018104 0.005336822 0.004972639 0.005373015 0.005735788 0.007965966 0.007177631 0.009240423 0.005319414
0.02604912 0.02942582 0.03630612 0.02604919 0.01509376 0.01398721 0.01490415 0.02747403 0.05131261 0.009150871 0.005498545 0.005511058 0.009816973 0.02691433 0.009495678 0.00554525 0.03376873 0.01445849 0.01424166 0.01990917 0.008463892 0.01891453 0.004413777 0.004265605 0.004833475 0.02598208 0.04585586 0.0112999 0.008996183 0.008478294 0.005779644 0.005794686 0.005809862 0.005393013 0.009609698 0.01153988 0.01151843 0.01044084 0.006211044 0.006602173 0.006255152 0.01546524 0.0129609 0.04787514 0.03209361 0.02540781 0.02180602 0.01094207 0.008166951 0.00567915 0.005214101 0.01055454 0.008023741 0.009497906 0.01507628 0.004951554 0.007589323
0.02909983 0.009576897 0.008441556 0.01054732 0.02001077 0.01437014 0.01384833 0.01389632 0.01546136 0.02874902 0.01245709 0.007214258 0.03929815 0.03715953 0.01004351 0.01140222 0.03537021 0.01423823 0.01423619 0.02258581 0.004627804 0.0135143 0.003615469 0.004196339 0.008258142 0.08767138 0.006850012 0.006018155 0.005515567 0.005529078 0.006060665 0.005559783 0.005810745 0.009581996 0.02002363 0.03195412 0.04155396 0.007060063 0.006581312 0.005945446 0.009693455 0.02100871 0.06588021 0.02459017 0.01885005 0.0155865 0.01431533 0.008390617 0.005872594 0.005198093 0.007280729 0.01193232 0.01006251 0.01204465 0.01719146 0.007765636 0.009171323
0.008132951 0.004994287 0.004844051 0.005190778 0.006007852 0.01357051 0.01363054 0.01407078 0.01750414 0.01465117 0.01679398 0.008319874 0.02791423 0.008351195 0.006588427 0.01666265 0.04988457 0.01482815 0.01503002 0.02332762 0.01044284 0.03497287 0.004947675 0.004952764 0.01132589 0.05926355 0.02128004 0.01011486 0.009228228 0.006874097 0.005543695 0.005800491 0.01466634 0.02788855 0.03069796 0.01842365 0.0209548 0.009006008 0.0114826 0.00783038 0.05066712 0.09135316 0.146597 0.0136394 0.008094137 0.004895087 0.005148668 0.005165545 0.005481284 0.0048562 0.006884004 0.01653793 0.01298757 0.01238193 0.01813542 0.01031743 0.01485459
0.004195761 0.004053068 0.004586024 0.005009606 0.009611634 0.01463046 0.02363682 0.01693036 0.008212307 0.01387661 0.01509426 0.0239161 0.007216434 0.006580095 0.00613834 0.01037087 0.007276601 0.02376943 0.02589286 0.02265612 0.0059447 0.006306462 0.006782525 0.006787464 0.006802966 0.04794883 0.01960395 0.01124232 0.009226999 0.006872925 0.006060753 0.01454247 0.05239465 0.01964467 0.01590045 0.01696844 0.02937657 0.05275532 0.01233 0.03963463 0.04788546 0.07571892 0.0132757 0.01111924 0.004879924 0.005270672 0.005446378 -9999 -9999 0.006835571 0.008041512 0.1212701 -9999 -9999 0.04496272 0.1400986 0.02382372
0.004833797 0.004841126 0.005402419 0.01140132 0.01376232 0.03107379 0.03048548 0.00820895 0.00712221 0.01966638 0.019773 0.02712966 0.00656982 0.006573756 0.01043667 0.00614661 0.01781312 0.05599345 0.06132511 0.01423179 0.005667151 0.006765254 0.01255862 0.02127869 0.03254184 0.007496019 0.006361484 0.009203803 0.006852875 0.006398146 0.006417247 0.01301672 0.02412063 0.01687154 0.02065563 0.008941532 0.007744847 0.01131075 0.01135405 0.0185451 0.0210748 0.03139671 0.016127 0.007394515 0.01023059 0.01012681 -9999 -9999 -9999 -9999 0.05698751 -9999 -9999 -9999 -9999 -9999 -9999
0.005976677 0.009343358 0.01518367 0.0205704 0.03086068 0.06391947 0.03028577 0.007118212 0.006491721 0.03004115 0.03275064 0.01201522 0.006530928 0.008320036 0.0523924 0.01669983 0.007827107 0.008603486 0.01977906 0.005670924 0.005247226 0.006772416 0.0295908 0.0159727 0.02752449 0.009850623 0.006819332 0.006364748 0.006025543 0.008816537 0.00606038 0.02532999 0.01666691 0.01630771 0.02166999 0.007715301 0.00703701 0.007053918 0.007078487 0.01299 0.01317088 0.01145716 0.005086449 0.01436445 0.007229529 -9999 -9999 -9999 -9999 -9999 -9999 -9999 -9999 -9999 -9999 -9999 -9999
0.006413689 0.01360372 0.01652932 0.01372979 0.008887196 0.007113661 0.009941124 0.008782816 0.01002197 0.008244762 0.06448568 0.01757608 0.006526922 0.009697124 0.01894117 0.008524159 0.005515058 0.005550651 0.01184654 0.007731194 0.005669351 0.0087929 0.02713291 0.01821879 0.0224846 0.006808518 0.006355387 0.01104206 0.0131003 0.01963377 0.008254685 0.008820057 0.02332301 0.02115824 0.01612323 0.03118539 0.007750897 -9999 -9999 0.009255518 0.01095891 0.005361093 0.005086009 0.009374322 0.008988803 -9999 -9999 -9999 -9999 -9999 -9999 -9999 -9999 -9999 -9999 -9999 -9999
0.00953732 0.005185851 0.01264741 0.005414629 0.005685305 0.01225472 0.03276232 0.01816042 0.02678944 0.0065043 0.01524402 0.01327428 0.01278485 0.005491285 0.01001642 0.009787774 0.005515612 0.007936489 0.005802164 0.005666671 0.005083798 0.008465047 0.0277899 0.01676929 0.01674853 0.007484953 0.03500616 -9999 0.07036339 0.01553172 0.01266115 0.006913672 0.006940383 0.008880458 0.01520106 0.01527951 -9999 -9999 -9999 -9999 0.005968555 0.008466188 0.006307208 0.006030357 0.005803836 -9999 -9999 -9999 -9999 -9999 -9999 -9999 -9999 -9999 -9999 -9999 -9999
0.005180008 0.004587688 0.008145484 0.0106973 0.01506917 0.07796577 0.03144147 0.04000229 0.009058218 0.005060738 0.01173909 0.0110024 0.005080193 0.007068399 0.00814005 0.008973035 0.00656813 0.006131126 0.006140405 0.00554092 0.005086374 0.008895746 0.02746145 0.01650247 0.01559946 0.01936807 0.01547376 -9999 0.04569202 0.009963418 0.006889778 0.006914803 -9999 -9999 -9999 -9999 -9999 -9999 -9999 -9999 -9999 -9999 -9999 -9999 -9999 -9999 -9999 -9999 -9999 -9999 -9999 -9999 -9999 -9999 -9999 -9999 -9999
0.004202615 0.004131838 0.006404421 0.007086479 0.007858998 0.02532692 0.06919844 0.01104432 0.008279758 0.00490091 0.01087179 0.004914409 0.004444765 0.005273633 0.005281366 0.005777269 0.005785442 0.007485022 0.009418645 0.007837443 0.005820796 0.007455889 0.02245469 0.031032 0.0256815 0.03564183 0.01464732 -9999 -9999 0.01258519 0.006417059 -9999 -9999 -9999 -9999 -9999 -9999 -9999 -9999 -9999 -9999 -9999 -9999 -9999 -9999 -9999 -9999 -9999 -9999 -9999 -9999 -9999 -9999 -9999 -9999 -9999 -9999
0.004286763 0.004481168 0.00413873 0.003946309 0.006001044 0.008841354 0.009079232 0.0137419 0.007112996 0.008958326 0.00547312 0.004775994 0.005487679 0.005275277 0.005282836 0.004942684 0.005297719 0.007322436 0.01207209 0.02417155 0.01255858 0.01718888 0.07291865 0.02348568 0.006333895 0.01817157 -9999 -9999 -9999 -9999 0.00758604 -9999 -9999 -9999 -9999 -9999 -9999 -9999 -9999 -9999 -9999 -9999 -9999 -9999 -9999 -9999 -9999 -9999 -9999 -9999 -9999 -9999 -9999 -9999 -9999 -9999 -9999
0.004289237 0.004483564 0.005017275 0.004221882 0.004014489 0.00415637 0.007059907 0.01026444 0.009537686 0.00606536 0.005474823 0.004542418 0.007480203 0.006887331 0.007292956 0.005105498 0.007140774 0.005310984 0.03256877 0.09511997 0.0644108 0.0138346 0.01305741 0.005472438 0.01089314 0.005479632 0.01260762 -9999 -9999 -9999 -9999 -9999 -9999 -9999 -9999 -9999 -9999 -9999 -9999 -9999 -9999 -9999 -9999 -9999 -9999 -9999 -9999 -9999 -9999 -9999 -9999 -9999 -9999 -9999 -9999 -9999 -9999
0.01255162 0.009797637 0.005202414 0.005025554 0.004874038 0.004741537 0.005045869 0.005455135 0.008715008 0.005735244 0.004538902 0.005081104 0.01214924 0.01223101 0.01015405 0.008194431 0.005798907 0.01233181 0.02060609 0.02028762 0.01956731 0.01073605 0.008728743 0.00528304 0.01028983 0.00780996 -9999 -9999 -9999 -9999 -9999 -9999 -9999 -9999 -9999 -9999 -9999 -9999 -9999 -9999 -9999 -9999 -9999 -9999 -9999 -9999 -9999 -9999 -9999 -9999 -9999 -9999 -9999 -9999 -9999 -9999 -9999
0.008028649 0.005014908 0.004602843 0.004731486 0.007008998 0.007246822 0.005713536 0.006054007 0.006503887 0.005472427 0.009441851 0.0186763 0.06214135 0.04019355 0.00656795 0.02618836 0.04522913 0.02685458 0.006603954 0.01260014 0.0125329 0.007943718 0.008318132 0.005006943 0.008307845 0.005727711 -9999 -9999 -9999 -9999 -9999 -9999 -9999 -9999 -9999 -9999 -9999 -9999 -9999 -9999 -9999 -9999 -9999 -9999 -9999 -9999 -9999 -9999 -9999 -9999 -9999 -9999 -9999 -9999 -9999 -9999 -9999
0.005010843 0.004721344 0.00430523 0.00833107 0.008750371 0.009320093 0.006947725 0.007340011 0.005732305 0.005474864 0.008070157 0.01190719 0.04463121 0.00834036 0.0103636 0.01617114 0.06415375 0.01314156 0.008593348 0.006165414 0.00815641 0.01045085 0.005166308 0.005011339 0.005872454 -9999 -9999 -9999 -9999 -9999 -9999 -9999 -9999 -9999 -9999 -9999 -9999 -9999 -9999 -9999 -9999 -9999 -9999 -9999 -9999 -9999 -9999 -9999 -9999 -9999 -9999 -9999 -9999 -9999 -9999 -9999 -9999
0.004717985 0.004392206 0.006851283 0.008166291 0.02243593 0.02003151 0.01037752 0.00572796 0.007683803 0.00547796 0.005751756 0.008952695 0.006560371 0.008343522 0.007218121 0.0104945 0.01075155 0.005550195 0.009606636 0.005557746 0.005837435 0.005847784 0.00536094 -9999 -9999 -9999 -9999 -9999 -9999 -9999 -9999 -9999 -9999 -9999 -9999 -9999 -9999 -9999 -9999 -9999 -9999 -9999 -9999 -9999 -9999 -9999 -9999 -9999 -9999 -9999 -9999 -9999 -9999 -9999 -9999 -9999 -9999
0.00472297 0.004867584 0.009071603 0.03852867 0.0476317 0.07026904 0.007160891 0.009584974 0.01188814 0.008994068 0.007175219 0.006545575 0.01466118 0.04335131 0.01947897 0.008355081 0.006594269 0.009643112 0.006164007 0.009560262 0.006637142 -9999 -9999 -9999 -9999 -9999 -9999 -9999 -9999 -9999 -9999 -9999 -9999 -9999 -9999 -9999 -9999 -9999 -9999 -9999 -9999 -9999 -9999 -9999 -9999 -9999 -9999 -9999 -9999 -9999 -9999 -9999 -9999 -9999 -9999 -9999 -9999
0.006455223 0.03801101 0.02715923 0.01872989 0.0136175 -9999 0.008285615 -9999 0.05462864 -9999 -9999 0.010166 -9999 -9999 -9999 -9999 -9999 -9999 -9999 -9999 -9999 -9999 -9999 -9999 -9999 -9999 -9999 -9999 -9999 -9999 -9999 -9999 -9999 -9999 -9999 -9999 -9999 -9999 -9999 -9999 -9999 -9999 -9999 -9999 -9999 -9999 -9999 -9999 -9999 -9999 -9999 -9999 -9999 -9999 -9999 -9999 -9999
-9999 -9999 -9999 -9999 -9999 -9999 -9999 -9999 -9999 -9999 -9999 -9999 -9999 -9999 -9999 -9999 -9999 -9999 -9999 -9999 -9999 -9999 -9999 -9999 -9999 -9999 -9999 -9999 -9999 -9999 -9999 -9999 -9999 -9999 -9999 -9999 -9999 -9999 -9999 -9999 -9999 -9999 -9999 -9999 -9999 -9999 -9999 -9999 -9999 -9999 -9999 -9999 -9999 -9999 -9999 -9999 -9999
